r 113 0000
d 59 00010
w 31 000110
4 2 0001110000
+ 2 0001110001
6 1 00011100100
= 1 00011100101
/ 1 00011100110
5 1 00011100111
, 8 00011101
O 4 000111100
3 4 000111101
G 1 00011111000
J 1 00011111001
@ 1 00011111010
B 1 00011111011
- 4 000111111
e 241 001
n 125 0100
i 127 0101
o 133 0110
s 143 0111
t 143 1000
c 71 10010
: 9 10011000
2 9 10011001
T 18 1001101
j 2 1001110000
Z 1 10011100010
N 1 100111000110
W 1 100111000111
1 5 100111001
S 10 10011101
E 10 10011110
x 5 100111110
L 3 1001111110
M 3 1001111111
l 81 10100
. 21 1010100
v 21 1010101

 43 101011
a 169 1011
  362 110
f 43 111000
u 43 111001
g 22 1110100
b 22 1110101
m 44 111011
y 22 1111000
C 6 111100100
D 6 111100101
8 3 1111001100
F 3 1111001101
9 6 111100111
h 47 111101
P 12 11111000
k 7 111110010
q 7 111110011
A 7 111110100
( 7 111110101
R 3 1111101100
I 2 11111011010
V 2 11111011011
) 7 111110111
0 28 1111110
p 31 1111111
